
pal <- c(
  "#004C97",
  "#78BE20",
  "#009CA6",
  "#CEDC00",
  "#13345E",
  "#D9D9D6",
  "#E35205",
  "#343641",
  "#69972C",
  "#FF9E1B"
)
